BDSAT-2
1 55098U 23001CT  25036.46180361  .00936061  43391-3  17447-2 0  9991
2 55098  97.3726 113.1620 0005193 309.5459  50.5360 16.01098235116989
AO-73
1 39444U 13066AE  25036.61080435  .00012935  00000+0  10511-2 0  9992
2 39444  97.7487 358.5814 0043526  82.2134 278.4028 14.98975357604999
ISS
1 25544U 98067A   25036.84670846  .00015419  00000-0  27920-3 0  9992
2 25544  51.6378 237.5586 0003505 278.8954  96.0035 15.49835475494791
UNIFORM 1
1 39767U 14029B   25209.22657479  .00002254  00000+0  21908-3 0  9993
2 39767  97.8108 303.2469 0004142 321.1416  38.9505 14.93589372605847